# This file may be used to create an environment using:
# $ conda create --name <env> --file <this file>
# platform: win-64
absl-py=1.4.0=pypi_0
astor=0.8.1=pypi_0
backcall=0.2.0=pyhd3eb1b0_0
biopython=1.71=pypi_0
bleach=1.5.0=pypi_0
cached-property=1.5.2=pypi_0
certifi=2021.5.30=py36haa95532_0
colorama=0.4.4=pyhd3eb1b0_0
dataclasses=0.8=pypi_0
decorator=5.1.1=pyhd3eb1b0_0
entrypoints=0.3=py36_0
gast=0.5.4=pypi_0
grpcio=1.48.2=pypi_0
h5py=2.7.1=pypi_0
html5lib=0.9999999=pypi_0
importlib-metadata=4.8.3=pypi_0
ipykernel=5.3.4=py36h5ca1d4c_0
ipython=7.16.1=py36h5ca1d4c_0
ipython_genutils=0.2.0=pyhd3eb1b0_1
jedi=0.17.0=py36_0
jupyter_client=7.1.2=pyhd3eb1b0_0
jupyter_core=4.8.1=py36haa95532_0
keras=2.1.6=pypi_0
markdown=3.3.7=pypi_0
nest-asyncio=1.5.1=pyhd3eb1b0_0
numpy=1.19.5=pypi_0
parso=0.8.3=pyhd3eb1b0_0
pickleshare=0.7.5=pyhd3eb1b0_1003
pip=21.2.2=py36haa95532_0
prompt-toolkit=3.0.20=pyhd3eb1b0_0
protobuf=3.19.6=pypi_0
pygments=2.11.2=pyhd3eb1b0_0
python=3.6.5=h0c2934d_0
python-dateutil=2.8.2=pyhd3eb1b0_0
pytz=2023.3.post1=pypi_0
pywin32=228=py36hbaba5e8_1
pyyaml=6.0.1=pypi_0
pyzmq=22.2.1=py36hd77b12b_1
scikit-learn=0.19.1=pypi_0
scipy=1.0.0=pypi_0
setuptools=58.0.4=py36haa95532_0
six=1.16.0=pyhd3eb1b0_1
tensorboard=1.8.0=pypi_0
tensorflow=1.8.0=pypi_0
termcolor=1.1.0=pypi_0
tornado=6.1=py36h2bbff1b_0
traitlets=4.3.3=py36haa95532_0
typing-extensions=4.1.1=pypi_0
vc=14.2=h21ff451_1
vs2015_runtime=14.27.29016=h5e58377_2
wcwidth=0.2.5=pyhd3eb1b0_0
werkzeug=2.0.3=pypi_0
wheel=0.37.1=pyhd3eb1b0_0
wincertstore=0.2=py36h7fe50ca_0
zipp=3.6.0=pypi_0
